-8.795373691564905005e-01 -9.122143976631724716e-01
-1.318773830675946890e+00 -1.094899527495276415e+00
-9.293148798104007291e-01 -8.961880340071912698e-01
-5.400695042150773784e-01 -1.776256043403651175e+00
-3.815465230154742038e-01 -1.564182216573613671e+00
-1.327318101801273631e-01 -3.275307532440374647e-01
-1.002356470881658357e+00 -4.103397030709807769e-01
-1.864310093652776334e+00 -5.948952397898557010e-01
-4.178646676517661085e-02 -9.134137510363087298e-01
-2.396609679267447390e-02 -1.606915196509898225e+00
-1.427894243065560342e+00 -7.242028108803437725e-01
-8.904014701768840911e-01 -6.923141736332683038e-01
-3.171623625310067141e-01 -1.480179700795905884e+00
-1.878088006473455085e+00 -1.207830304671699606e+00
-8.014991761321978991e-01 -4.781980242909533718e-01
-2.655920918475480619e-01 -1.107354181057830456e+00
-1.169732067643923790e+00 -8.961396113512023476e-01
-1.640005080735963405e+00 -1.327116660342678500e+00
-2.154233510396752482e-01 -2.643100854797428845e-01
-1.069555948207577600e+00 -9.002443998507934086e-01
-1.991900961542446558e+00 -1.767783657713846823e+00
-1.043101292206542130e+00 -1.833814480502620858e+00
-1.755842092690994782e+00 -3.051313695085609012e-01
-1.583254682627786014e-01 -2.864156805193145416e-01
-1.309812464168351065e+00 -1.975042824335052849e+00
-5.442894817692327525e-01 -9.067956817739899478e-01
-8.023682573637358484e-01 -1.344538249161557619e-01
-1.766583969788764197e+00 -1.042642128895917564e+00
-1.881895695978519800e+00 -1.574125055038369858e+00
-1.599769282051199948e-01 -8.855703702917883113e-01
-1.305849228710317833e+00 -1.344121385621700915e+00
-7.946247203769118972e-01 -1.991175897530340633e+00
-7.173010561261086160e-01 -1.525365940849598756e+00
-8.123701548905168934e-01 -1.485454348604673402e-01
-3.547616315396355802e-01 -8.092397105293680504e-02
-1.407582837751367943e+00 -6.895225285433421725e-01
-6.937135724084253496e-01 -2.695049498911910035e-01
-1.451268765893067636e+00 -7.291973330325332014e-01
-1.049595152130647913e+00 -1.767781329900289133e+00
-1.270439723270785359e+00 -1.823865236707348014e+00
-7.847688908892545001e-01 -1.986697711179906900e+00
-6.870938680031410950e-01 -1.319684949877041102e+00
-1.842857536208897917e+00 -1.578651024389265300e+00
-1.460061257964056392e+00 -9.422626497624824182e-01
-1.422946020888381291e+00 -3.624193671158417729e-01
-5.453310751406243995e-01 -1.553925048812798693e+00
-6.070985757472973088e-01 -3.796453630502309995e-01
-2.474880511628547719e-01 -1.539996136526890158e+00
-1.941499671868841315e+00 -1.628513127765901514e+00
-1.042852642019442388e+00 -6.902693064965252923e-01
1.912357241949721898e+00 2.159780286303726093e+00
2.562702866342500663e+00 2.177731019081726949e+00
2.689939071499772183e+00 1.037581163560045816e+00
2.037159015069168966e+00 2.041103825992013121e+00
1.371752688238840667e+00 1.005972023208494326e+00
2.012543858959117138e+00 1.279902487586569659e+00
2.321763713386447492e+00 2.415073851032303764e+00
1.897565617923907322e+00 1.336989632046342802e+00
1.145655476251725702e+00 1.000206777771331934e+00
1.138940688801155954e+00 1.992329666152165446e+00
1.950881973099011679e+00 2.149632168396612641e+00
1.568380578286309390e+00 1.851518589293350336e+00
1.838817161310967396e+00 2.203057024751839066e+00
1.433065123012186914e+00 1.219433930510433139e+00
1.198740698681268757e+00 2.011210830654337478e+00
1.792670280074168287e+00 2.276751751069866270e+00
2.114505094253118500e+00 1.834895816270906366e+00
2.299373096960448670e+00 2.932069213416896858e+00
2.752980530194983899e+00 1.563362586784662112e+00
2.081805578862851114e+00 2.386839262740417134e+00
1.426185454818408083e+00 2.989411043547377744e+00
2.020876200539721612e+00 2.147983415839962884e+00
2.982911244051977384e+00 2.677131204255869257e+00
1.216156519391647484e+00 1.305159771930895163e+00
1.135266024346668789e+00 1.570805181700754227e+00
2.567765829053213267e+00 2.945979103018529166e+00
2.941514964144763322e+00 2.340517330974247301e+00
1.254871126590788588e+00 2.846707822285967193e+00
2.199261683016805691e+00 1.728772782889064663e+00
2.227978577299384533e+00 1.687214273468552905e+00
2.916839540439127632e+00 1.806892356740903649e+00
1.032458249772425951e+00 1.302758969272735490e+00
2.947302041525088789e+00 1.754640013887719174e+00
2.481438080486845443e+00 2.455785495684466024e+00
1.427587486304493281e+00 2.715311145573606311e+00
2.683831923038332068e+00 1.960387580595721602e+00
2.467529095825040208e+00 2.919173314552820919e+00
1.767529927327452066e+00 2.109142596053005470e+00
1.023470114987978130e+00 1.545324391586078372e+00
1.445046178321807817e+00 2.900170386566365721e+00
1.854406676475218063e+00 1.713947041293751195e+00
1.020678104172784151e+00 1.487456125974806920e+00
1.782881522078454850e+00 2.126528165248019686e+00
2.254694505090717449e+00 1.101249838754218668e+00
1.401691846720736434e+00 2.016090493558531094e+00
2.791893555253626147e+00 2.679518845105889557e+00
2.141547449407957160e+00 1.709262294195029286e+00
2.638924961903048150e+00 1.420674049676286188e+00
2.452800092324460834e+00 2.013196879261190730e+00
1.810121813981112826e+00 2.299744852661667949e+00
